Achse 23
0.2 0 0.7
0.2 45 0.7
0.2 90 0.7
0.2 135 0.7
0.2 180 0.7
0.2 225 0.7
0.2 270 0.7
0.2 315 0.7
0.4 200 1.3
0.4 240 1.4
0.4 300 1.4
0.4 340 1.3
Achse 24
0.2 0 0.7
0.2 45 0.7
0.2 90 0.7
0.2 135 0.7
0.2 180 0.7
0.2 225 0.7
0.2 270 0.7
0.2 315 0.7
0.4 20 1.3
0.4 60 1.4
0.4 120 1.4
0.4 160 1.3
Achse 25
0 0 0.7
0 45 0.7
0 90 0.7
0 135 0.7
0 180 0.7
0 225 0.7
0 270 0.7
0 315 0.7
Achse 26
0 0 0.7
0 45 0.7
0 90 0.7
0 135 0.7
0 180 0.7
0 225 0.7
0 270 0.7
0 315 0.7
Achse 27
1 0 0.7
1 45 0.7
1 90 0.7
1 135 0.7
1 180 0.7
1 225 0.7
1 270 0.7
1 315 0.7
Achse 28
1 0 0.7
1 45 0.7
1 90 0.7
1 135 0.7
1 180 0.7
1 225 0.7
1 270 0.7
1 315 0.7

PRISMA+ 8 3-0-ALL 24-8 9 10 11 23-8 9 10 11 255,STOFF-ALL

PRISMA+ 8 23-0-ALL 25-0-ALL 200,METALL-ALL
PRISMA+ 8 24-0-ALL 26-0-ALL 200,METALL-ALL
PRISMA+ 8 25-0-ALL 27-0-ALL 200,METALL-ALL
PRISMA+ 8 26-0-ALL 28-0-ALL 200,METALL-ALL
