Achse 0
0 65 1.2
0 80 1.2
0 100 1.2
0 115 1.2
0 245 1.2
0 260 1.2
0 280 1.2
0 295 1.2

0.12 80 1.9
0.12 100 1.9
0.12 260 1.9
0.12 280 1.9
0.32 65 1.9
0.32 115 1.9
0.32 245 1.9
0.32 295 1.9

0 135 0.4
0 45 0.4
0 315 0.4
0 225 0.4

/Hier sind die Arme dazwischen
Achse 1
0 65 2
0 115 2
0 245 2
0 295 2
0.3 80 2
0.3 100 2
0.3 260 2
0.3 280 2

Achse 2
0 63 2
0 79 2
0 101 2
0 117 2
0 243 2
0 259 2
0 282 2
0 297 2

Achse 3
0 61 2.1
0 78 2.1
0 102 2.1
0 119 2.1
0 241 2.1
0 258 2.1
0 282 2.1
0 299 2.1

FV 255 0-0 1 2 3 4 5 6 7

PRISMA+ 8 0-0 0-12 1 8 2 9 3 13 4 14 5 10 6 11 7 15 255-ALL

FA 255 0-13 14 1-2 1
FA 255 0-15 12 1-0 3

/FV 255,0 1-2 1 11 12 1-2-x 1-1-x
/FV 255,0 1-0 3 15 8 1-0-x 1-3-x

PRISMA+ 8 1-0 2-0-ALL 4 5 1 2 6 7 3 255-ALL
PRISMA+ 8 2-0-ALL 3-0-ALL 255-ALL
