B -2 -16 -2 -2 2 2.5 2 2 16

/Mittelteil
0 N 0 270 6.2

/Beine
3 0 90 7 4 90 0 -1 0 0 0
4 0 -90 7 4 -90 0 1 0 0 0
5 3 0 -2 0 90
6 4 0 -2 0 -90
7 5 0 -2 4 90
8 6 0 -2 4 -90

/Arme
11 N 80 -60 2.7 0 0 -1.5 0 0 0
12 N -80 -60 2.7 0 0 1.5 0 0 0
13 11 -20 0 0
14 12 20 0 0
15 13 0 0 2.7
16 14 0 0 2.7

/Linker Schuh
61 7 0 357 1.6 90
62 61 270 90 2

/Rechter Schuh
63 8 0 357 1.6 270
64 63 90 90 2

/Kopf
67 N 0 89 0
68 67 0 0 1.5
69 67 0 0 1.7
70 67 0 0 0.6
71 70 0 0 1.1
72 71 0 0 1
73 68 0 270 1
74 70 0 30 1.3
75 70 90 30 1.3
76 70 180 30 1.3
77 70 -90 30 1.3
78 69 0 0 0.5

/MK
90 0 0 90 2
91 0 45 90 2
92 0 90 90 2
93 0 135 90 2
94 0 180 90 2
95 0 225 90 2
96 0 270 90 2
97 0 315 90 2

/Linke Hand
+15 100

7 N -60 0 1.05
8 N -20 0 1.2
9 N 0 0 1.15
10 N 20 0 1.15
11 N 40 0 1.2

12 7 0 342 0.4
21 12 0 342 0.3

13 8 0 342 0.3
17 13 0 342 0.3
22 17 0 342 0.2

14 9 0 342 0.35
18 14 0 342 0.3
23 18 0 342 0.2

15 10 0 342 0.3
19 15 0 342 0.3
24 19 0 342 0.2

16 11 0 342 0.27
20 16 0 342 0.25
25 20 0 342 0.18

/Rechte Hand
+16 130

7 N 60 0 1.05
8 N 20 0 1.2
9 N 0 0 1.15
10 N -20 0 1.15
11 N -40 0 1.2

12 7 0 342 0.4
21 12 0 342 0.3

13 8 0 342 0.3
17 13 0 342 0.3
22 17 0 342 0.2

14 9 0 342 0.35
18 14 0 342 0.3
23 18 0 342 0.2

15 10 0 342 0.3
19 15 0 342 0.3
24 19 0 342 0.2

16 11 0 342 0.27
20 16 0 342 0.25
25 20 0 342 0.18

+ 160
