Achse 9
0 0 0
1 0 0
0.5 -90 0.7
0.5 90 0.7
0.5 0 0.5

Achse 10
0 0 0
1 0 0
0.5 -90 0.7
0.5 90 0.7
0.5 0 0.5

Achse 11
0 0 0
1 0 0
0.5 -90 0.7
0.5 90 0.7
0.5 0 0.5

Achse 12
0 0 0
1 0 0
0.5 -90 0.7
0.5 90 0.7
0.5 0 0.5

FM 60 9-0 2 3
FM 60 9-2 3 1
FM 60 9-0 3 4
FM 60 9-3 4 1
FM 60 9-0 2 4
FM 60 9-2 4 1

FM 60 10-0 2 3
FM 60 10-2 3 1
FM 60 10-0 3 4
FM 60 10-3 4 1
FM 60 10-0 2 4
FM 60 10-2 4 1

FM 60 11-0 2 3
FM 60 11-2 3 1
FM 60 11-0 3 4
FM 60 11-3 4 1
FM 60 11-0 2 4
FM 60 11-2 4 1

FM 60 12-0 2 3
FM 60 12-2 3 1
FM 60 12-0 3 4
FM 60 12-3 4 1
FM 60 12-0 2 4
FM 60 12-2 4 1
